# US BACKBONE 28 NODE
# node node distance zone
0 1 768 0
0 3 608
1 2 528 0
1 4 528
2 4 672 0
2 7 640
3 5 640 0
3 6 640
4 6 368 0
5 8 512 0
6 7 992 1
6 10 848
7 12 928 1
8 9 336 1
8 10 256
9 13 240 1
10 11 320 1
10 13 560
11 12 736 2
11 14 400
12 15 320 2
12 17 960
13 14 272 2
13 16 240
13 22 336
14 16 288 2
15 18 512 2
16 17 256 2
16 19 576
16 22 256
17 18 464 3
17 19 576
18 20 432 4
18 21 528
19 20 400 3
19 24 320
20 21 272 3
22 23 352 3
22 25 320
22 27 288
23 24 336 4
23 26 416
25 26 336
26 27 240 4